33346772
43622559
17567195
52492757
73113992
44941722
44751714
37773409
92416910
00600283
31056600
56669968
43542948
02963194
78270480
37697167
10227400
07326385
52438132
19564610
36011455
60892717
86686367
49821324
22348222
52577439
46371288
72430363
39543341
58567752
87131906
20193877
33165820
97975050
25000055
77632679
31742566
94966647
21652159
64679281
95075388
95905035
74514302
49478342
40621038
75243409
41758254
25207826
02728269
58149168
42845246
67202707
87978025
54526503
89072561
65516975
10478818
35887900
48267313
15469361
45341463
38905855
45786422
90354409
40726927
09422462
88299984
18550618
91866470
86917523
21216181
85567360
02023845
47830733
53923386
31795604
97315974
21085202
05498453
60519665
26931020
15229299
96539852
04921736
84659377
83817977
58940846
02839446
13996954
38838604
33909318
62988694
88676530
33256598
24887009
65918834
37762465
89659308
38772583
21363763
94602894
44582248
72039788
57868336
30583960
54397722
91590184
02897596
67130833
07468695
60477365
68301483
75449704
23333563
09075675
69462505
06122981
38044118
60404577
61161107
34242333
33631227
55570419
02851081
63655402
49947974
72073766
69799914
61903107
77732253
98643593
59750085
90292417
35758338
26451502
87675317
95726858
77780092
36532201
38555480
16547987
15847009
75674766
69882329
24677554
45441851
38857609
10283799
94031266
75286421
88498315
44444844
38806559
24717087
93365379
13036702
54866816
54049904
47283817
67570257
71934566
81861086
38412386
69428745
50298665
03913584
11553357
86577851
05951186
10398995
93857443
59971384
42258333
23157655
12842359
10801876
97181640
63957740
00979921
22069626
06976533
51376891
43555253
42454563
90209398
83278735
81750197
61694515
80337872
11584924
58059360
35250307
13153106
81026896
10080848
83305608
09385690
55540644
80477163
17464851
00534979
89894362
61534301
08346411
39021763
49879997
99609483
06855063
80973943
26369826
18518308
68071502
96562979
90343520
66177996
93847653
22300839
37819159
56212215
70152194
74683255
71142849
87218477
70872738
42130935
22801289
37260044
35867125
98736575
24011664
58012139
94319425
68139444
33826932
83764236
31843778
75536179
39579035
61403533
84204632
28816340
82040714
54661395
16272739
26186265
14414311
91095029
96187443
99499288
12902048
83511987
00298160
01135613
08576315
94248473
75590086
25151603
14202671
74705184
65388216
81006508
10429990
88917065
35737066
47941252
70686152
12750053
93495163
85819784
05990405
39060200
96571960
26211924
99656450
74954564
44149552
77152143
06458439
73482420
67805980
40187208
87611279
10514292
42365787
75296670
50114966
89169868
72141559
39030516
68588179
13531087
05161297
31059398
14600545
54976681
37762007
85540211
52661870
19073841
35870955
